6
11
11
23
54
35
47
85
94
105
66
59
53
54
40
32
36
27
23
18
4
9
4
4
5
2
2
4
2
3
5
6
3
1
5
6
2
0
2
2
2
2
2
5
4
5
6
2
4
7
4
1
0
7
12
19
32
34
36
61
71
48
59
59
34
36
18
18
16
10
7
11
2
1
3
2
1
2
0
1
0
2
1
1
0
0
1
1
0
1
0
5
0
2
0
0
2
7
3
2
0
1
0
1
5
6
15
33
46
52
45
87
105
90
92
72
49
59
49
53
47
38
30
14
8
4
8
4
4
1
1
2
3
1
2
1
2
3
2
1
2
4
2
6
2
2
4
2
0
3
2
6
2
2
1
0
8
11
17
42
54
54
42
107
163
129
113
115
89
98
71
82
76
86
48
36
24
14
11
5
5
3
6
2
0
0
0
4
0
5
1
2
3
4
1
1
3
1
3
4
4
9
4
10
4
2
4
1 
11
12
22
49
84
62
96
142
182
175
129
122
126
146
90
85
101
70
79
62
46
22
18
12
3
7
4
2
0
6
1
2
2
3
6
1
3
2
1
4
1
1
0
6
6
7
11
5
1
6
3
3
5
5
11
14
28
18
34
43
51
35
30
29
27
32
29
19
19
13
15
12
7
11
2
4
3
2
1
3
1
1
0
2
3
5
5
2
2
2
1
5
1
0
2
2
0
1
6
3
6
4
2
2
4
15
16
37
47
45
65
91
102
86
82
68
63
76
45
43
34
23
22
19
13
6
6
7
6
2
4
3
3
1
2
2
3
4
2
4
4
2
1
2
1
3
2
4
1
4
5
8
5
2
3
2
3
11
13
24
43
39
39
69
96
77
56
66
37
57
53
34
29
30
23
43
30
14
4
6
7
2
7
3
0
3
8
4
4
5
4
4
10
5
1
6
4
2
1
1
3
5
8
6
5
5
1
1
5
6
14
34
40
40
56
98
124
79
88
71
60
73
62
49
49
39
58
40
30
10
16
9
4
3
2
5
3
4
2
2
1
4
2
0
3
2
1
1
4
1
3
1
3
2
3
2
3
1
3
1
